(1, 3),
(2, 9),
(3, 25),
(4, 2),
(5, 19),
(6, 10),
(7, 1),
(8, 35),
(9, 19),
(10, 7),
(11, 24),
(12, 29),
(13, 24),
(14, 9),
(15, 1),
(16, 29),
(17, 22),
(18, 3),
(19, 1),
(20, 8),
(21, 4),
(22, 13),
(23, 22),
(24, 19),
(25, 16),
(26, 25),
(27, 2),
(28, 29),
(29, 35),
(30, 9),
(31, 36),
(32, 1),
(33, 2),
(34, 11),
(35, 35),
(36, 35),
(37, 30),
(38, 32),
(39, 20),
(40, 23),
(41, 22),
(42, 2),
(43, 1),
(44, 6),
(45, 3),
(46, 8),
(47, 10),
(48, 10),
(49, 13),
(50, 5),
(51, 10),
(52, 19),
(53, 36),
(54, 13),
(55, 20),
(56, 8),
(57, 19),
(58, 3),
(59, 27),
(60, 32),
(61, 21),
(62, 8),
(63, 3),
(64, 17),
(65, 6),
(66, 36),
(67, 1),
(68, 12),
(69, 29),
(70, 1),
(71, 10),
(72, 1),
(73, 18),
(74, 13),
(75, 4),
(76, 36),
(77, 9),
(78, 1),
(79, 17),
(80, 20),
(81, 30),
(82, 2),
(83, 13),
(84, 12),
(85, 6),
(86, 19),
(87, 5),
(88, 8),
(89, 20),
(90, 25),
(91, 15),
(92, 8),
(93, 36),
(94, 8),
(95, 3),
(96, 11),
(97, 6),
(98, 6),
(99, 32)
